1.000000000000000021e-02 3.314908255588140662e+01
1.200000000000000025e-02 3.358203625657481695e+01
1.400000000000000029e-02 3.401498995726822727e+01
1.600000000000000033e-02 3.427873749183957131e+01
1.899999999999999953e-02 3.466056268448754452e+01
2.299999999999999961e-02 3.510492497146031354e+01
2.599999999999999881e-02 3.537708216404718797e+01
3.099999999999999978e-02 3.577864302564335475e+01
3.699999999999999817e-02 3.618526167339915389e+01
4.299999999999999656e-02 3.653225678689680223e+01
5.099999999999999672e-02 3.692085036304441559e+01
5.999999999999999778e-02 3.729387708858406825e+01
7.000000000000000666e-02 3.765285670303705956e+01
8.200000000000000344e-02 3.802509643505973003e+01
9.700000000000000289e-02 3.842373744555098369e+01
1.140000000000000041e-01 3.881057036221058354e+01
1.340000000000000080e-01 3.920345587684109745e+01
1.580000000000000016e-01 3.960763656391559095e+01
1.859999999999999987e-01 4.001241320511623201e+01
2.179999999999999993e-01 4.041160270258658471e+01
2.570000000000000062e-01 4.082977466404213374e+01
3.019999999999999907e-01 4.124414950273870772e+01
3.549999999999999822e-01 4.166304867074738638e+01
4.179999999999999827e-01 4.208943907744125568e+01
4.909999999999999920e-01 4.251169821579478736e+01
5.779999999999999583e-01 4.294094845407914107e+01
6.790000000000000480e-01 4.336538280097930453e+01
7.990000000000000435e-01 4.379403746856258550e+01
9.399999999999999467e-01 4.422138032765439419e+01
1.104999999999999982e+00 4.464547494601681166e+01
1.300000000000000044e+00 4.507016811929317157e+01
